Geography,Less than 10000,10000 to 14999,15000 to 24999,25000 to 34999,35000 to 49999,50000 to 74999,75000 to 99999,100000 to 149999,150000 to 199999,More than 200000 
Aberdeen WA Micro Area,0.083,0.052,0.126,0.132,0.161,0.18,0.097,0.116,0.03,0.023
Abilene TX Metro Area,0.07,0.054,0.127,0.12,0.147,0.194,0.112,0.119,0.027,0.032
Adrian MI Micro Area,0.048,0.059,0.105,0.134,0.172,0.221,0.113,0.097,0.028,0.021
Akron OH Metro Area,0.075,0.053,0.111,0.106,0.137,0.181,0.114,0.136,0.048,0.038
Alamogordo NM Micro Area,0.133,0.084,0.149,0.119,0.123,0.181,0.121,0.065,0.02,0.004
Albany GA Metro Area,0.153,0.059,0.128,0.1,0.146,0.177,0.088,0.095,0.035,0.02
Albany OR Metro Area,0.074,0.077,0.103,0.115,0.155,0.23,0.1,0.102,0.026,0.017
Albany Schenectady Troy NY Metro Area,0.051,0.043,0.087,0.086,0.121,0.192,0.141,0.156,0.071,0.053
Albertville AL Micro Area,0.064,0.069,0.162,0.12,0.18,0.177,0.087,0.082,0.025,0.034
Albuquerque NM Metro Area,0.089,0.051,0.129,0.104,0.136,0.181,0.116,0.119,0.044,0.031
Alexandria LA Metro Area,0.091,0.088,0.128,0.117,0.141,0.191,0.096,0.093,0.024,0.031
Allentown Bethlehem Easton PA NJ Metro Area,0.044,0.039,0.094,0.095,0.136,0.196,0.138,0.149,0.061,0.049
Altoona PA Metro Area,0.08,0.072,0.123,0.112,0.147,0.192,0.126,0.096,0.028,0.024
Amarillo TX Metro Area,0.05,0.054,0.121,0.106,0.143,0.195,0.126,0.126,0.044,0.035
Ames IA Metro Area,0.099,0.041,0.124,0.093,0.124,0.188,0.131,0.106,0.037,0.057
Anchorage AK Metro Area,0.036,0.027,0.057,0.075,0.116,0.166,0.145,0.208,0.094,0.078
Ann Arbor MI Metro Area,0.074,0.043,0.081,0.085,0.121,0.171,0.12,0.152,0.075,0.078
Anniston Oxford Jacksonville AL Metro Area,0.08,0.071,0.15,0.119,0.136,0.196,0.114,0.105,0.025,0.004
Appleton WI Metro Area,0.032,0.034,0.101,0.092,0.148,0.19,0.151,0.169,0.054,0.027
Asheville NC Metro Area,0.058,0.073,0.127,0.13,0.162,0.187,0.101,0.1,0.028,0.034
Ashtabula OH Micro Area,0.074,0.075,0.13,0.132,0.142,0.221,0.096,0.099,0.021,0.01
Athens OH Micro Area,0.205,0.076,0.125,0.085,0.101,0.162,0.099,0.111,0.014,0.022
Athens TX Micro Area,0.066,0.052,0.139,0.09,0.173,0.182,0.131,0.101,0.036,0.029
Athens Clarke County GA Metro Area,0.141,0.075,0.141,0.107,0.137,0.141,0.092,0.1,0.028,0.038
Atlanta Sandy Springs Roswell GA Metro Area,0.06,0.042,0.091,0.093,0.131,0.189,0.125,0.148,0.058,0.063
Atlantic City Hammonton NJ Metro Area,0.059,0.048,0.101,0.111,0.145,0.163,0.113,0.14,0.063,0.056
Auburn NY Micro Area,0.04,0.049,0.125,0.096,0.157,0.217,0.132,0.123,0.044,0.018
Auburn Opelika AL Metro Area,0.133,0.062,0.123,0.079,0.129,0.175,0.116,0.102,0.05,0.031
Augusta Richmond County GA SC Metro Area,0.09,0.061,0.111,0.096,0.144,0.181,0.128,0.12,0.039,0.03
Augusta Waterville ME Micro Area,0.055,0.064,0.104,0.119,0.145,0.228,0.114,0.103,0.035,0.032
Austin Round Rock TX Metro Area,0.049,0.031,0.076,0.087,0.128,0.178,0.139,0.157,0.074,0.081
Bakersfield CA Metro Area,0.067,0.053,0.132,0.108,0.126,0.18,0.117,0.125,0.059,0.035
Baltimore Columbia Towson MD Metro Area,0.057,0.037,0.07,0.074,0.102,0.174,0.133,0.179,0.089,0.085
Bangor ME Metro Area,0.089,0.064,0.137,0.124,0.131,0.183,0.123,0.104,0.027,0.019
Barnstable Town MA Metro Area,0.046,0.034,0.088,0.092,0.115,0.187,0.147,0.167,0.061,0.063
Baton Rouge LA Metro Area,0.084,0.052,0.107,0.091,0.126,0.163,0.117,0.153,0.062,0.044
Battle Creek MI Metro Area,0.077,0.08,0.136,0.112,0.15,0.186,0.111,0.109,0.022,0.017
Bay City MI Metro Area,0.08,0.068,0.118,0.123,0.14,0.239,0.122,0.069,0.024,0.016
Beaumont Port Arthur TX Metro Area,0.082,0.056,0.12,0.108,0.136,0.19,0.107,0.132,0.041,0.03
Beaver Dam WI Micro Area,0.033,0.053,0.098,0.124,0.149,0.212,0.144,0.144,0.027,0.015
Beckley WV Metro Area,0.091,0.068,0.165,0.147,0.174,0.16,0.085,0.085,0.017,0.009
Bellingham WA Metro Area,0.08,0.039,0.091,0.113,0.121,0.2,0.136,0.137,0.047,0.036
Bend Redmond OR Metro Area,0.056,0.034,0.102,0.098,0.154,0.202,0.124,0.141,0.04,0.048
Billings MT Metro Area,0.04,0.044,0.105,0.094,0.142,0.237,0.136,0.126,0.037,0.039
Binghamton NY Metro Area,0.071,0.066,0.123,0.108,0.136,0.179,0.116,0.135,0.033,0.032
Birmingham Hoover AL Metro Area,0.084,0.061,0.109,0.103,0.124,0.186,0.122,0.125,0.042,0.043
Bismarck ND Metro Area,0.047,0.041,0.082,0.071,0.153,0.171,0.131,0.177,0.07,0.057
Blacksburg Christiansburg Radford VA Metro Area,0.089,0.053,0.122,0.085,0.14,0.202,0.109,0.124,0.038,0.037
Bloomington IL Metro Area,0.064,0.038,0.087,0.079,0.117,0.183,0.137,0.155,0.077,0.063
Bloomington IN Metro Area,0.126,0.062,0.118,0.12,0.123,0.165,0.102,0.119,0.039,0.025
Bloomsburg Berwick PA Metro Area,0.082,0.046,0.134,0.121,0.14,0.182,0.122,0.103,0.042,0.027
Bluefield WV VA Micro Area,0.124,0.058,0.164,0.118,0.154,0.184,0.071,0.089,0.022,0.016
Boise City ID Metro Area,0.075,0.048,0.111,0.111,0.132,0.189,0.121,0.14,0.039,0.033
Boston Cambridge Newton MA NH Metro Area,0.057,0.042,0.07,0.068,0.095,0.148,0.12,0.185,0.094,0.121
Boulder CO Metro Area,0.055,0.031,0.064,0.076,0.138,0.15,0.118,0.16,0.09,0.117
Bowling Green KY Metro Area,0.105,0.059,0.118,0.109,0.16,0.183,0.108,0.095,0.033,0.03
Bozeman MT Micro Area,0.066,0.034,0.089,0.083,0.16,0.197,0.119,0.147,0.053,0.055
Brainerd MN Micro Area,0.043,0.057,0.119,0.119,0.162,0.202,0.123,0.106,0.04,0.03
Branson MO Micro Area,0.072,0.065,0.133,0.128,0.193,0.187,0.088,0.076,0.031,0.026
Bremerton Silverdale WA Metro Area,0.049,0.03,0.067,0.086,0.131,0.195,0.175,0.151,0.069,0.047
Bridgeport Stamford Norwalk CT Metro Area,0.052,0.031,0.072,0.06,0.1,0.128,0.119,0.165,0.09,0.183
Brownsville Harlingen TX Metro Area,0.123,0.095,0.165,0.125,0.148,0.129,0.091,0.075,0.029,0.019
Brunswick GA Metro Area,0.086,0.064,0.128,0.114,0.168,0.137,0.113,0.11,0.044,0.035
Buffalo Cheektowaga Niagara Falls NY Metro Area,0.085,0.059,0.112,0.097,0.129,0.168,0.135,0.138,0.046,0.031
Burlington NC Metro Area,0.099,0.066,0.151,0.136,0.143,0.153,0.106,0.11,0.02,0.015
Burlington South Burlington VT Metro Area,0.043,0.045,0.088,0.079,0.11,0.196,0.153,0.172,0.061,0.053
California Lexington Park MD Metro Area,0.026,0.024,0.049,0.059,0.099,0.157,0.155,0.227,0.11,0.094
Canton Massillon OH Metro Area,0.069,0.045,0.123,0.11,0.158,0.189,0.118,0.117,0.04,0.03
Cape Coral Fort Myers FL Metro Area,0.072,0.048,0.107,0.116,0.147,0.199,0.121,0.11,0.04,0.039
Cape Girardeau MO IL Metro Area,0.072,0.04,0.128,0.127,0.159,0.163,0.116,0.143,0.015,0.038
Carbondale Marion IL Metro Area,0.094,0.072,0.143,0.098,0.167,0.17,0.099,0.086,0.037,0.032
Carson City NV Metro Area,0.044,0.117,0.102,0.146,0.152,0.154,0.088,0.122,0.036,0.039
Casper WY Metro Area,0.069,0.038,0.097,0.112,0.151,0.167,0.135,0.155,0.044,0.031
Cedar Rapids IA Metro Area,0.048,0.046,0.096,0.105,0.136,0.193,0.141,0.148,0.048,0.039
Centralia WA Micro Area,0.076,0.066,0.131,0.114,0.128,0.207,0.127,0.112,0.024,0.014
Chambersburg Waynesboro PA Metro Area,0.03,0.042,0.086,0.112,0.169,0.194,0.166,0.134,0.039,0.027
Champaign Urbana IL Metro Area,0.125,0.049,0.088,0.098,0.127,0.175,0.125,0.131,0.039,0.044
Charleston WV Metro Area,0.082,0.063,0.133,0.12,0.173,0.18,0.115,0.089,0.022,0.023
Charleston Mattoon IL Micro Area,0.087,0.097,0.125,0.124,0.146,0.169,0.099,0.098,0.033,0.022
Charleston North Charleston SC Metro Area,0.07,0.05,0.088,0.087,0.141,0.189,0.135,0.136,0.05,0.055
Charlotte Concord Gastonia NC SC Metro Area,0.061,0.05,0.101,0.104,0.14,0.182,0.12,0.133,0.052,0.059
Charlottesville VA Metro Area,0.067,0.027,0.084,0.072,0.141,0.188,0.125,0.15,0.071,0.075
Chattanooga TN GA Metro Area,0.07,0.066,0.123,0.106,0.151,0.187,0.11,0.12,0.035,0.034
Cheyenne WY Metro Area,0.056,0.049,0.073,0.105,0.127,0.184,0.145,0.164,0.058,0.039
Chicago Naperville Elgin IL IN WI Metro Area,0.065,0.04,0.092,0.086,0.118,0.168,0.126,0.157,0.07,0.078
Chico CA Metro Area,0.089,0.077,0.123,0.098,0.167,0.157,0.103,0.117,0.039,0.03
Chillicothe OH Micro Area,0.08,0.03,0.147,0.15,0.152,0.21,0.109,0.077,0.019,0.027
Cincinnati OH KY IN Metro Area,0.068,0.05,0.096,0.097,0.128,0.18,0.129,0.141,0.059,0.051
Claremont Lebanon NH VT Micro Area,0.054,0.052,0.109,0.098,0.134,0.187,0.141,0.127,0.04,0.058
Clarksburg WV Micro Area,0.087,0.061,0.119,0.099,0.168,0.195,0.109,0.106,0.032,0.023
Clarksville TN KY Metro Area,0.087,0.037,0.091,0.123,0.207,0.205,0.111,0.098,0.029,0.012
Clearlake CA Micro Area,0.101,0.075,0.151,0.153,0.148,0.147,0.123,0.059,0.026,0.017
Cleveland TN Metro Area,0.088,0.074,0.159,0.098,0.142,0.182,0.117,0.087,0.019,0.033
Cleveland Elyria OH Metro Area,0.082,0.054,0.11,0.104,0.138,0.178,0.122,0.122,0.047,0.044
Coeur dAlene ID Metro Area,0.075,0.062,0.124,0.095,0.177,0.172,0.099,0.131,0.036,0.029
College Station Bryan TX Metro Area,0.129,0.031,0.128,0.108,0.135,0.152,0.11,0.126,0.041,0.04
Colorado Springs CO Metro Area,0.049,0.036,0.091,0.102,0.131,0.195,0.127,0.165,0.056,0.048
Columbia MO Metro Area,0.121,0.052,0.09,0.097,0.134,0.188,0.111,0.132,0.047,0.029
Columbia SC Metro Area,0.079,0.051,0.103,0.11,0.14,0.195,0.128,0.115,0.04,0.038
Columbus GA AL Metro Area,0.097,0.079,0.142,0.114,0.153,0.169,0.099,0.095,0.026,0.026
Columbus IN Metro Area,0.072,0.04,0.076,0.093,0.168,0.213,0.135,0.113,0.059,0.032
Columbus OH Metro Area,0.066,0.044,0.095,0.096,0.131,0.185,0.132,0.147,0.053,0.052
Concord NH Micro Area,0.042,0.038,0.084,0.088,0.117,0.181,0.152,0.165,0.072,0.062
Cookeville TN Micro Area,0.114,0.082,0.148,0.131,0.148,0.167,0.101,0.071,0.011,0.026
Coos Bay OR Micro Area,0.098,0.068,0.145,0.155,0.157,0.184,0.062,0.098,0.021,0.01
Corning NY Micro Area,0.069,0.066,0.125,0.121,0.139,0.184,0.119,0.119,0.03,0.029
Corpus Christi TX Metro Area,0.079,0.055,0.121,0.1,0.142,0.186,0.127,0.105,0.048,0.037
Corvallis OR Metro Area,0.086,0.046,0.138,0.088,0.119,0.118,0.164,0.12,0.068,0.052
Crestview Fort Walton Beach Destin FL Metro Area,0.05,0.041,0.108,0.107,0.162,0.204,0.127,0.12,0.036,0.046
Cullman AL Micro Area,0.111,0.064,0.146,0.12,0.189,0.163,0.104,0.06,0.025,0.018
Cumberland MD WV Metro Area,0.096,0.085,0.16,0.117,0.152,0.171,0.111,0.071,0.019,0.018
Dallas Fort Worth Arlington TX Metro Area,0.052,0.036,0.09,0.094,0.131,0.185,0.126,0.147,0.066,0.071
Dalton GA Metro Area,0.044,0.061,0.152,0.145,0.138,0.222,0.109,0.071,0.026,0.031
Danville IL Metro Area,0.098,0.042,0.121,0.113,0.171,0.198,0.116,0.082,0.039,0.021
Danville VA Micro Area,0.091,0.094,0.152,0.119,0.18,0.149,0.117,0.062,0.024,0.013
Daphne Fairhope Foley AL Metro Area,0.052,0.06,0.109,0.113,0.136,0.198,0.114,0.119,0.042,0.056
Davenport Moline Rock Island IA IL Metro Area,0.064,0.041,0.112,0.094,0.135,0.203,0.145,0.137,0.041,0.028
Dayton OH Metro Area,0.083,0.057,0.102,0.11,0.152,0.19,0.114,0.123,0.035,0.034
Decatur AL Metro Area,0.084,0.06,0.109,0.144,0.151,0.188,0.119,0.09,0.033,0.023
Decatur IL Metro Area,0.086,0.062,0.133,0.088,0.149,0.167,0.131,0.103,0.042,0.041
Deltona Daytona Beach Ormond Beach FL Metro Area,0.065,0.062,0.138,0.139,0.162,0.195,0.099,0.092,0.027,0.022
Denver Aurora Lakewood CO Metro Area,0.047,0.031,0.071,0.075,0.125,0.184,0.136,0.175,0.078,0.078
Des Moines West Des Moines IA Metro Area,0.054,0.039,0.08,0.089,0.128,0.209,0.138,0.15,0.061,0.052
Detroit Warren Dearborn MI Metro Area,0.082,0.049,0.103,0.099,0.131,0.177,0.119,0.137,0.054,0.049
Dothan AL Metro Area,0.094,0.067,0.135,0.112,0.177,0.183,0.091,0.082,0.029,0.031
Dover DE Metro Area,0.052,0.046,0.109,0.11,0.127,0.207,0.146,0.127,0.04,0.036
DuBois PA Micro Area,0.079,0.088,0.126,0.111,0.155,0.211,0.107,0.085,0.018,0.018
Dubuque IA Metro Area,0.064,0.037,0.091,0.099,0.128,0.221,0.151,0.143,0.039,0.027
Duluth MN WI Metro Area,0.068,0.05,0.123,0.112,0.14,0.195,0.124,0.123,0.04,0.026
Dunn NC Micro Area,0.078,0.049,0.124,0.094,0.161,0.216,0.131,0.111,0.022,0.014
Durham Chapel Hill NC Metro Area,0.072,0.049,0.107,0.095,0.139,0.162,0.118,0.13,0.056,0.072
East Stroudsburg PA Metro Area,0.048,0.044,0.1,0.086,0.16,0.202,0.131,0.143,0.058,0.027
Eau Claire WI Metro Area,0.047,0.058,0.105,0.1,0.159,0.215,0.137,0.121,0.03,0.027
El Centro CA Metro Area,0.091,0.124,0.127,0.112,0.123,0.148,0.088,0.132,0.036,0.019
Elizabeth City NC Micro Area,0.073,0.073,0.132,0.123,0.157,0.173,0.106,0.108,0.035,0.019
Elizabethtown Fort Knox KY Metro Area,0.071,0.043,0.12,0.129,0.149,0.207,0.116,0.118,0.032,0.014
Elkhart Goshen IN Metro Area,0.059,0.049,0.113,0.117,0.168,0.218,0.117,0.103,0.031,0.027
Elmira NY Metro Area,0.076,0.043,0.098,0.112,0.131,0.234,0.121,0.135,0.025,0.024
El Paso TX Metro Area,0.084,0.065,0.123,0.126,0.166,0.192,0.099,0.101,0.028,0.015
Erie PA Metro Area,0.084,0.058,0.117,0.112,0.144,0.188,0.12,0.118,0.029,0.03
Eugene OR Metro Area,0.085,0.053,0.129,0.115,0.139,0.191,0.118,0.108,0.034,0.027
Eureka Arcata Fortuna CA Micro Area,0.099,0.061,0.129,0.134,0.188,0.15,0.091,0.095,0.022,0.031
Evansville IN KY Metro Area,0.06,0.061,0.136,0.119,0.135,0.188,0.125,0.111,0.032,0.033
Fairbanks AK Metro Area,0.029,0.041,0.051,0.062,0.132,0.2,0.171,0.166,0.087,0.061
Fargo ND MN Metro Area,0.047,0.068,0.093,0.114,0.134,0.163,0.151,0.13,0.052,0.049
Faribault Northfield MN Micro Area,0.058,0.031,0.088,0.093,0.153,0.213,0.14,0.142,0.049,0.034
Farmington MO Micro Area,0.056,0.073,0.131,0.134,0.185,0.189,0.089,0.105,0.031,0.007
Farmington NM Metro Area,0.081,0.077,0.109,0.102,0.134,0.182,0.136,0.12,0.039,0.02
Fayetteville NC Metro Area,0.097,0.054,0.137,0.128,0.165,0.166,0.113,0.095,0.028,0.017
Fayetteville Springdale Rogers AR MO Metro Area,0.065,0.044,0.107,0.112,0.16,0.203,0.107,0.109,0.04,0.052
Findlay OH Micro Area,0.055,0.035,0.08,0.108,0.158,0.207,0.141,0.154,0.035,0.026
Flagstaff AZ Metro Area,0.096,0.049,0.102,0.077,0.133,0.178,0.142,0.133,0.044,0.046
Flint MI Metro Area,0.098,0.063,0.126,0.121,0.155,0.18,0.108,0.097,0.032,0.02
Florence SC Metro Area,0.1,0.076,0.153,0.13,0.142,0.174,0.084,0.09,0.029,0.021
Florence Muscle Shoals AL Metro Area,0.073,0.099,0.136,0.132,0.138,0.182,0.098,0.082,0.036,0.025
Fond du Lac WI Metro Area,0.05,0.043,0.09,0.108,0.133,0.212,0.156,0.14,0.041,0.026
Forest City NC Micro Area,0.089,0.078,0.177,0.147,0.176,0.153,0.08,0.068,0.02,0.012
Fort Collins CO Metro Area,0.049,0.035,0.093,0.08,0.132,0.179,0.15,0.159,0.064,0.059
Fort Smith AR OK Metro Area,0.093,0.083,0.139,0.117,0.158,0.175,0.121,0.082,0.012,0.021
Fort Wayne IN Metro Area,0.065,0.043,0.1,0.122,0.158,0.202,0.129,0.116,0.028,0.036
Frankfort KY Micro Area,0.031,0.053,0.078,0.13,0.174,0.235,0.168,0.071,0.031,0.028
Fresno CA Metro Area,0.072,0.069,0.136,0.116,0.127,0.182,0.106,0.117,0.04,0.035
Gadsden AL Metro Area,0.064,0.06,0.171,0.121,0.153,0.193,0.131,0.08,0.017,0.01
Gainesville FL Metro Area,0.118,0.043,0.131,0.115,0.117,0.144,0.126,0.11,0.053,0.043
Gainesville GA Metro Area,0.065,0.05,0.097,0.108,0.137,0.198,0.13,0.111,0.052,0.052
Gallup NM Micro Area,0.23,0.084,0.137,0.132,0.094,0.152,0.064,0.074,0.02,0.013
Gettysburg PA Metro Area,0.027,0.023,0.099,0.105,0.153,0.213,0.162,0.14,0.047,0.032
Glens Falls NY Metro Area,0.054,0.052,0.101,0.097,0.151,0.21,0.129,0.141,0.037,0.028
Glenwood Springs CO Micro Area,0.051,0.044,0.08,0.084,0.12,0.168,0.161,0.159,0.08,0.053
Goldsboro NC Metro Area,0.071,0.084,0.147,0.145,0.13,0.179,0.12,0.086,0.02,0.019
Grand Forks ND MN Metro Area,0.074,0.051,0.113,0.085,0.143,0.17,0.13,0.16,0.04,0.034
Grand Island NE Metro Area,0.061,0.041,0.123,0.111,0.149,0.196,0.131,0.139,0.027,0.023
Grand Junction CO Metro Area,0.057,0.068,0.107,0.105,0.142,0.215,0.117,0.118,0.036,0.036
Grand Rapids Wyoming MI Metro Area,0.053,0.039,0.104,0.104,0.152,0.199,0.14,0.126,0.045,0.038
Grants Pass OR Metro Area,0.078,0.092,0.133,0.126,0.159,0.221,0.11,0.04,0.015,0.026
Great Falls MT Metro Area,0.088,0.075,0.118,0.124,0.149,0.181,0.085,0.108,0.037,0.035
Greeley CO Metro Area,0.049,0.041,0.072,0.081,0.12,0.184,0.176,0.166,0.066,0.045
Green Bay WI Metro Area,0.051,0.036,0.106,0.119,0.142,0.189,0.159,0.122,0.043,0.033
Greeneville TN Micro Area,0.085,0.082,0.202,0.135,0.142,0.157,0.098,0.061,0.02,0.018
Greenfield Town MA Micro Area,0.04,0.039,0.113,0.102,0.132,0.223,0.117,0.164,0.037,0.033
Greensboro High Point NC Metro Area,0.067,0.069,0.123,0.132,0.148,0.185,0.111,0.099,0.032,0.034
Greenville NC Metro Area,0.103,0.073,0.153,0.095,0.158,0.147,0.098,0.107,0.033,0.034
Greenville Anderson Mauldin SC Metro Area,0.079,0.057,0.122,0.114,0.144,0.181,0.127,0.11,0.039,0.028
Greenwood SC Micro Area,0.098,0.103,0.121,0.116,0.156,0.206,0.097,0.062,0.017,0.023
Gulfport Biloxi Pascagoula MS Metro Area,0.1,0.057,0.132,0.112,0.154,0.17,0.135,0.093,0.028,0.02
Hagerstown Martinsburg MD WV Metro Area,0.054,0.045,0.105,0.101,0.155,0.198,0.125,0.137,0.057,0.024
Hammond LA Metro Area,0.116,0.069,0.141,0.098,0.117,0.145,0.129,0.118,0.04,0.026
Hanford Corcoran CA Metro Area,0.064,0.07,0.11,0.128,0.152,0.145,0.146,0.119,0.035,0.031
Harrisburg Carlisle PA Metro Area,0.05,0.04,0.08,0.109,0.141,0.208,0.142,0.139,0.049,0.04
Harrisonburg VA Metro Area,0.085,0.052,0.089,0.13,0.161,0.201,0.115,0.116,0.023,0.03
Hartford West Hartford East Hartford CT Metro Area,0.056,0.037,0.08,0.073,0.115,0.154,0.134,0.175,0.085,0.091
Hattiesburg MS Metro Area,0.132,0.052,0.157,0.081,0.147,0.171,0.106,0.112,0.02,0.023
Helena MT Micro Area,0.06,0.035,0.066,0.107,0.156,0.203,0.143,0.166,0.038,0.025
Hermiston Pendleton OR Micro Area,0.068,0.055,0.107,0.135,0.136,0.216,0.126,0.115,0.024,0.018
Hickory Lenoir Morganton NC Metro Area,0.081,0.083,0.128,0.118,0.186,0.179,0.109,0.068,0.031,0.018
Hilo HI Micro Area,0.082,0.058,0.11,0.088,0.116,0.16,0.147,0.154,0.057,0.029
Hilton Head Island Bluffton Beaufort SC Metro Area,0.065,0.04,0.101,0.115,0.14,0.197,0.114,0.12,0.06,0.047
Hinesville GA Metro Area,0.105,0.08,0.126,0.156,0.173,0.177,0.102,0.058,0.017,0.006
Hobbs NM Micro Area,0.052,0.052,0.099,0.085,0.155,0.175,0.133,0.159,0.047,0.041
Holland MI Micro Area,0.058,0.043,0.086,0.104,0.143,0.247,0.136,0.13,0.03,0.025
Homosassa Springs FL Metro Area,0.067,0.081,0.171,0.123,0.171,0.173,0.098,0.079,0.015,0.021
Hot Springs AR Metro Area,0.092,0.091,0.148,0.13,0.17,0.164,0.088,0.077,0.014,0.025
Houma Thibodaux LA Metro Area,0.084,0.066,0.123,0.121,0.125,0.169,0.107,0.133,0.044,0.028
Houston The Woodlands Sugar Land TX Metro Area,0.057,0.044,0.093,0.091,0.124,0.172,0.118,0.15,0.066,0.086
Huntington Ashland WV KY OH Metro Area,0.103,0.081,0.139,0.108,0.138,0.182,0.108,0.089,0.028,0.025
Huntsville AL Metro Area,0.064,0.055,0.105,0.093,0.124,0.172,0.116,0.147,0.074,0.051
Huntsville TX Micro Area,0.148,0.057,0.092,0.143,0.144,0.2,0.123,0.05,0.031,0.012
Hutchinson KS Micro Area,0.045,0.055,0.115,0.106,0.209,0.203,0.129,0.102,0.011,0.026
Idaho Falls ID Metro Area,0.043,0.062,0.097,0.119,0.148,0.203,0.131,0.12,0.036,0.041
Indiana PA Micro Area,0.093,0.067,0.122,0.118,0.133,0.179,0.131,0.104,0.032,0.022
Indianapolis Carmel Anderson IN Metro Area,0.063,0.047,0.103,0.107,0.143,0.176,0.124,0.139,0.049,0.049
Iowa City IA Metro Area,0.088,0.069,0.079,0.079,0.131,0.166,0.143,0.137,0.051,0.055
Ithaca NY Metro Area,0.086,0.061,0.097,0.088,0.097,0.202,0.12,0.118,0.069,0.063
Jackson MI Metro Area,0.072,0.047,0.126,0.082,0.166,0.213,0.117,0.112,0.031,0.035
Jackson MS Metro Area,0.094,0.064,0.114,0.108,0.145,0.169,0.114,0.125,0.037,0.031
Jackson TN Metro Area,0.073,0.058,0.128,0.125,0.149,0.183,0.126,0.093,0.037,0.03
Jacksonville FL Metro Area,0.075,0.043,0.093,0.106,0.148,0.188,0.128,0.12,0.049,0.05
Jacksonville NC Metro Area,0.072,0.043,0.129,0.134,0.161,0.222,0.094,0.113,0.02,0.011
Jamestown Dunkirk Fredonia NY Micro Area,0.084,0.069,0.139,0.105,0.159,0.186,0.119,0.096,0.027,0.016
Janesville Beloit WI Metro Area,0.059,0.046,0.116,0.101,0.131,0.221,0.152,0.119,0.025,0.03
Jefferson City MO Metro Area,0.061,0.048,0.111,0.1,0.129,0.206,0.17,0.122,0.028,0.025
Johnson City TN Metro Area,0.108,0.075,0.12,0.134,0.159,0.195,0.079,0.085,0.024,0.022
Johnstown PA Metro Area,0.083,0.069,0.13,0.127,0.144,0.193,0.124,0.097,0.018,0.014
Jonesboro AR Metro Area,0.08,0.078,0.16,0.159,0.128,0.163,0.117,0.065,0.032,0.017
Joplin MO Metro Area,0.047,0.069,0.128,0.127,0.183,0.192,0.11,0.099,0.02,0.024
Kahului Wailuku Lahaina HI Metro Area,0.048,0.029,0.068,0.085,0.098,0.21,0.162,0.165,0.081,0.053
Kalamazoo Portage MI Metro Area,0.072,0.047,0.107,0.106,0.156,0.188,0.12,0.118,0.047,0.039
Kalispell MT Micro Area,0.06,0.065,0.141,0.117,0.134,0.194,0.119,0.085,0.031,0.053
Kankakee IL Metro Area,0.084,0.053,0.102,0.089,0.13,0.229,0.109,0.14,0.031,0.033
Kansas City MO KS Metro Area,0.057,0.045,0.088,0.093,0.132,0.19,0.131,0.155,0.057,0.051
Kapaa HI Micro Area,0.042,0.05,0.057,0.062,0.109,0.16,0.177,0.197,0.086,0.06
Keene NH Micro Area,0.057,0.035,0.098,0.093,0.125,0.184,0.167,0.133,0.049,0.058
Kennewick Richland WA Metro Area,0.052,0.042,0.092,0.086,0.137,0.191,0.155,0.149,0.051,0.044
Key West FL Micro Area,0.078,0.048,0.049,0.117,0.126,0.16,0.144,0.133,0.063,0.081
Killeen Temple TX Metro Area,0.089,0.037,0.116,0.115,0.156,0.204,0.121,0.107,0.029,0.027
Kingsport Bristol Bristol TN VA Metro Area,0.095,0.07,0.14,0.127,0.152,0.196,0.093,0.082,0.023,0.022
Kingston NY Metro Area,0.065,0.055,0.09,0.091,0.135,0.181,0.123,0.155,0.07,0.035
Klamath Falls OR Micro Area,0.084,0.049,0.13,0.134,0.165,0.206,0.1,0.101,0.015,0.016
Knoxville TN Metro Area,0.082,0.064,0.117,0.116,0.134,0.184,0.12,0.108,0.039,0.037
Kokomo IN Metro Area,0.102,0.055,0.101,0.122,0.152,0.169,0.133,0.121,0.025,0.019
La Crosse Onalaska WI MN Metro Area,0.04,0.059,0.101,0.132,0.158,0.192,0.119,0.117,0.04,0.043
Lafayette LA Metro Area,0.098,0.061,0.128,0.105,0.116,0.152,0.121,0.122,0.048,0.048
Lafayette West Lafayette IN Metro Area,0.088,0.059,0.088,0.103,0.162,0.202,0.113,0.121,0.034,0.031
LaGrange GA Micro Area,0.172,0.078,0.103,0.114,0.153,0.171,0.087,0.089,0.025,0.008
Lake Charles LA Metro Area,0.078,0.049,0.141,0.099,0.158,0.164,0.115,0.119,0.042,0.035
Lake City FL Micro Area,0.073,0.047,0.136,0.136,0.125,0.195,0.126,0.121,0.023,0.017
Lake Havasu City Kingman AZ Metro Area,0.065,0.061,0.155,0.139,0.166,0.199,0.089,0.09,0.02,0.015
Lakeland Winter Haven FL Metro Area,0.066,0.054,0.137,0.126,0.175,0.199,0.101,0.095,0.029,0.018
Lancaster PA Metro Area,0.049,0.038,0.091,0.101,0.138,0.204,0.161,0.128,0.053,0.037
Lansing East Lansing MI Metro Area,0.08,0.048,0.104,0.1,0.147,0.195,0.124,0.126,0.042,0.035
Laredo TX Metro Area,0.122,0.082,0.119,0.132,0.129,0.168,0.094,0.097,0.024,0.033
Las Cruces NM Metro Area,0.1,0.086,0.136,0.118,0.171,0.144,0.106,0.089,0.028,0.021
Las Vegas Henderson Paradise NV Metro Area,0.068,0.046,0.105,0.117,0.147,0.191,0.129,0.118,0.042,0.037
Laurel MS Micro Area,0.129,0.096,0.166,0.136,0.153,0.122,0.09,0.065,0.017,0.025
Lawrence KS Metro Area,0.094,0.065,0.112,0.084,0.123,0.155,0.129,0.135,0.055,0.049
Lawton OK Metro Area,0.092,0.05,0.107,0.123,0.15,0.199,0.1,0.115,0.04,0.023
Lebanon PA Metro Area,0.056,0.044,0.1,0.113,0.153,0.223,0.139,0.093,0.047,0.033
Lewiston ID WA Metro Area,0.078,0.041,0.116,0.122,0.112,0.222,0.128,0.125,0.041,0.016
Lewiston Auburn ME Metro Area,0.066,0.063,0.123,0.113,0.13,0.215,0.136,0.095,0.037,0.021
Lexington Fayette KY Metro Area,0.073,0.055,0.111,0.105,0.129,0.178,0.128,0.129,0.047,0.045
Lima OH Metro Area,0.068,0.069,0.136,0.092,0.132,0.228,0.134,0.087,0.034,0.021
Lincoln NE Metro Area,0.059,0.053,0.102,0.1,0.138,0.193,0.133,0.147,0.039,0.036
Little Rock North Little Rock Conway AR Metro Area,0.084,0.052,0.121,0.103,0.147,0.181,0.113,0.122,0.036,0.041
Logan UT ID Metro Area,0.039,0.054,0.112,0.129,0.153,0.189,0.135,0.123,0.033,0.033
London KY Micro Area,0.141,0.112,0.137,0.102,0.158,0.169,0.081,0.071,0.01,0.019
Longview TX Metro Area,0.076,0.048,0.12,0.116,0.153,0.177,0.122,0.123,0.041,0.024
Longview WA Metro Area,0.063,0.051,0.104,0.109,0.173,0.169,0.125,0.155,0.032,0.019
Los Angeles Long Beach Anaheim CA Metro Area,0.06,0.048,0.092,0.087,0.121,0.162,0.121,0.15,0.072,0.088
Louisville Jefferson County KY IN Metro Area,0.067,0.05,0.105,0.102,0.149,0.191,0.128,0.126,0.043,0.039
Lubbock TX Metro Area,0.082,0.058,0.12,0.106,0.152,0.194,0.109,0.114,0.032,0.034
Lufkin TX Micro Area,0.091,0.062,0.123,0.114,0.11,0.218,0.139,0.096,0.029,0.017
Lumberton NC Micro Area,0.162,0.114,0.147,0.106,0.155,0.163,0.073,0.058,0.011,0.01
Lynchburg VA Metro Area,0.079,0.059,0.109,0.12,0.153,0.182,0.127,0.117,0.028,0.026
Macon GA Metro Area,0.137,0.077,0.116,0.114,0.145,0.158,0.089,0.096,0.039,0.029
Madera CA Metro Area,0.068,0.065,0.102,0.106,0.181,0.187,0.086,0.136,0.037,0.032
Madison WI Metro Area,0.044,0.04,0.076,0.091,0.128,0.196,0.148,0.155,0.064,0.058
Manchester Nashua NH Metro Area,0.039,0.03,0.074,0.069,0.118,0.173,0.151,0.174,0.091,0.082
Manhattan KS Metro Area,0.099,0.033,0.106,0.118,0.139,0.188,0.137,0.113,0.041,0.027
Manitowoc WI Micro Area,0.042,0.06,0.126,0.102,0.167,0.214,0.144,0.1,0.03,0.015
Mankato North Mankato MN Metro Area,0.071,0.046,0.106,0.105,0.148,0.193,0.13,0.135,0.035,0.03
Mansfield OH Metro Area,0.068,0.036,0.139,0.13,0.169,0.204,0.132,0.098,0.01,0.014
Marinette WI MI Micro Area,0.064,0.076,0.123,0.13,0.165,0.219,0.102,0.092,0.015,0.015
Marion IN Micro Area,0.064,0.054,0.209,0.125,0.168,0.18,0.101,0.07,0.023,0.007
Marion OH Micro Area,0.083,0.075,0.129,0.136,0.161,0.171,0.109,0.102,0.023,0.012
Marquette MI Micro Area,0.07,0.053,0.107,0.108,0.177,0.201,0.121,0.103,0.034,0.027
Marshall TX Micro Area,0.07,0.066,0.123,0.145,0.162,0.146,0.123,0.111,0.031,0.021
Martinsville VA Micro Area,0.114,0.095,0.135,0.153,0.176,0.152,0.091,0.051,0.019,0.014
McAllen Edinburg Mission TX Metro Area,0.116,0.084,0.156,0.136,0.133,0.153,0.082,0.085,0.027,0.028
Meadville PA Micro Area,0.082,0.063,0.128,0.103,0.152,0.207,0.13,0.102,0.022,0.01
Medford OR Metro Area,0.094,0.064,0.135,0.12,0.132,0.18,0.113,0.115,0.022,0.026
Memphis TN MS AR Metro Area,0.082,0.057,0.123,0.108,0.14,0.174,0.112,0.122,0.041,0.04
Merced CA Metro Area,0.083,0.087,0.125,0.116,0.164,0.172,0.099,0.087,0.034,0.032
Meridian MS Micro Area,0.106,0.072,0.179,0.113,0.185,0.149,0.069,0.086,0.024,0.017
Miami Fort Lauderdale West Palm Beach FL Metro Area,0.081,0.054,0.12,0.106,0.134,0.173,0.109,0.119,0.048,0.057
Michigan City La Porte IN Metro Area,0.066,0.051,0.145,0.125,0.15,0.175,0.117,0.107,0.033,0.031
Midland MI Metro Area,0.061,0.04,0.081,0.099,0.113,0.222,0.126,0.145,0.051,0.061
Midland TX Metro Area,0.04,0.028,0.054,0.072,0.121,0.162,0.132,0.19,0.099,0.103
Milwaukee Waukesha West Allis WI Metro Area,0.068,0.047,0.102,0.094,0.132,0.188,0.13,0.142,0.049,0.048
Minneapolis St Paul Bloomington MN WI Metro Area,0.042,0.032,0.078,0.077,0.118,0.178,0.142,0.182,0.078,0.073
Minot ND Micro Area,0.027,0.036,0.078,0.09,0.164,0.175,0.128,0.179,0.084,0.038
Missoula MT Metro Area,0.099,0.061,0.122,0.114,0.148,0.178,0.117,0.104,0.023,0.034
Mobile AL Metro Area,0.101,0.065,0.141,0.106,0.135,0.192,0.097,0.107,0.031,0.026
Modesto CA Metro Area,0.049,0.064,0.109,0.109,0.138,0.191,0.136,0.123,0.044,0.036
Monroe LA Metro Area,0.138,0.084,0.133,0.128,0.129,0.147,0.087,0.089,0.031,0.033
Monroe MI Metro Area,0.058,0.048,0.084,0.12,0.145,0.181,0.148,0.153,0.039,0.024
Montgomery AL Metro Area,0.094,0.06,0.126,0.112,0.137,0.174,0.108,0.109,0.04,0.038
Morehead City NC Micro Area,0.059,0.067,0.126,0.092,0.146,0.18,0.148,0.098,0.04,0.043
Morgantown WV Metro Area,0.11,0.052,0.122,0.116,0.128,0.153,0.121,0.117,0.032,0.05
Morristown TN Metro Area,0.091,0.058,0.164,0.139,0.145,0.173,0.095,0.102,0.018,0.016
Moses Lake WA Micro Area,0.04,0.047,0.087,0.124,0.182,0.214,0.11,0.126,0.046,0.025
Mount Airy NC Micro Area,0.099,0.084,0.159,0.127,0.153,0.155,0.111,0.067,0.023,0.024
Mount Pleasant MI Micro Area,0.11,0.066,0.163,0.099,0.131,0.164,0.098,0.109,0.033,0.028
Mount Vernon Anacortes WA Metro Area,0.058,0.042,0.098,0.088,0.164,0.193,0.146,0.135,0.041,0.035
Muncie IN Metro Area,0.1,0.064,0.159,0.102,0.163,0.199,0.093,0.084,0.018,0.017
Muskegon MI Metro Area,0.075,0.073,0.111,0.12,0.145,0.217,0.111,0.111,0.019,0.019
Muskogee OK Micro Area,0.114,0.083,0.139,0.12,0.128,0.173,0.094,0.099,0.028,0.023
Myrtle Beach Conway North Myrtle Beach SC NC Metro Area,0.071,0.066,0.12,0.114,0.153,0.203,0.121,0.098,0.027,0.027
Nacogdoches TX Micro Area,0.14,0.078,0.141,0.104,0.13,0.155,0.088,0.101,0.019,0.043
Napa CA Metro Area,0.045,0.031,0.073,0.073,0.11,0.164,0.132,0.156,0.098,0.118
Naples Immokalee Marco Island FL Metro Area,0.039,0.031,0.094,0.086,0.14,0.194,0.129,0.132,0.06,0.095
Nashville Davidson  Murfreesboro  Franklin TN Metro Area,0.059,0.043,0.09,0.097,0.142,0.197,0.129,0.137,0.047,0.06
New Bern NC Metro Area,0.054,0.06,0.115,0.114,0.207,0.187,0.105,0.111,0.026,0.022
New Castle PA Micro Area,0.092,0.063,0.147,0.103,0.15,0.183,0.104,0.095,0.031,0.032
New Haven Milford CT Metro Area,0.068,0.049,0.086,0.081,0.122,0.174,0.115,0.161,0.072,0.07
New Orleans Metairie LA Metro Area,0.099,0.058,0.116,0.106,0.133,0.169,0.112,0.118,0.049,0.041
New Philadelphia Dover OH Micro Area,0.073,0.045,0.123,0.111,0.171,0.172,0.147,0.107,0.031,0.021
New York Newark Jersey City NY NJ PA Metro Area,0.073,0.044,0.087,0.077,0.102,0.152,0.114,0.158,0.084,0.11
Niles Benton Harbor MI Metro Area,0.077,0.055,0.132,0.125,0.137,0.179,0.106,0.102,0.046,0.041
North Port Sarasota Bradenton FL Metro Area,0.049,0.046,0.105,0.117,0.144,0.196,0.123,0.123,0.049,0.048
North Wilkesboro NC Micro Area,0.085,0.064,0.17,0.129,0.15,0.184,0.102,0.077,0.029,0.009
Norwich New London CT Metro Area,0.054,0.04,0.09,0.081,0.115,0.181,0.128,0.17,0.083,0.057
Oak Harbor WA Micro Area,0.041,0.036,0.085,0.098,0.147,0.204,0.158,0.16,0.036,0.035
Ocala FL Metro Area,0.088,0.061,0.152,0.129,0.157,0.226,0.079,0.074,0.018,0.016
Ocean City NJ Metro Area,0.05,0.043,0.107,0.094,0.148,0.172,0.142,0.13,0.062,0.053
Odessa TX Metro Area,0.045,0.049,0.089,0.093,0.107,0.191,0.138,0.177,0.059,0.052
Ogden Clearfield UT Metro Area,0.045,0.034,0.061,0.081,0.137,0.224,0.158,0.161,0.063,0.037
Ogdensburg Massena NY Micro Area,0.093,0.061,0.146,0.112,0.151,0.17,0.132,0.089,0.033,0.012
Oklahoma City OK Metro Area,0.066,0.05,0.106,0.102,0.149,0.192,0.123,0.124,0.044,0.043
Olean NY Micro Area,0.079,0.063,0.152,0.15,0.135,0.211,0.09,0.094,0.015,0.011
Olympia Tumwater WA Metro Area,0.064,0.037,0.078,0.08,0.121,0.216,0.153,0.161,0.051,0.038
Omaha Council Bluffs NE IA Metro Area,0.054,0.04,0.089,0.092,0.138,0.185,0.136,0.159,0.058,0.049
Opelousas LA Micro Area,0.186,0.087,0.153,0.116,0.145,0.13,0.063,0.066,0.022,0.032
Orangeburg SC Micro Area,0.148,0.083,0.109,0.114,0.185,0.205,0.06,0.074,0.01,0.012
Orlando Kissimmee Sanford FL Metro Area,0.063,0.048,0.113,0.117,0.147,0.198,0.117,0.11,0.044,0.042
Oshkosh Neenah WI Metro Area,0.048,0.04,0.108,0.124,0.147,0.223,0.134,0.108,0.036,0.032
Ottawa Peru IL Micro Area,0.057,0.056,0.115,0.107,0.149,0.198,0.131,0.127,0.036,0.025
Owensboro KY Metro Area,0.078,0.052,0.118,0.123,0.15,0.185,0.114,0.121,0.032,0.029
Owosso MI Micro Area,0.041,0.055,0.117,0.091,0.175,0.23,0.139,0.122,0.016,0.014
Oxnard Thousand Oaks Ventura CA Metro Area,0.032,0.034,0.061,0.068,0.107,0.165,0.136,0.19,0.098,0.108
Paducah KY IL Micro Area,0.066,0.061,0.14,0.116,0.125,0.21,0.106,0.094,0.035,0.047
Palatka FL Micro Area,0.146,0.112,0.164,0.126,0.12,0.182,0.081,0.047,0.011,0.01
Palm Bay Melbourne Titusville FL Metro Area,0.056,0.046,0.12,0.106,0.168,0.203,0.119,0.111,0.04,0.031
Panama City FL Metro Area,0.086,0.054,0.108,0.106,0.167,0.172,0.132,0.128,0.021,0.026
Parkersburg Vienna WV Metro Area,0.09,0.069,0.147,0.114,0.165,0.188,0.106,0.082,0.019,0.02
Pensacola Ferry Pass Brent FL Metro Area,0.051,0.041,0.113,0.117,0.17,0.202,0.126,0.114,0.041,0.025
Peoria IL Metro Area,0.064,0.042,0.087,0.097,0.144,0.19,0.149,0.14,0.043,0.044
Philadelphia Camden Wilmington PA NJ DE MD Metro Area,0.068,0.04,0.087,0.083,0.117,0.161,0.128,0.16,0.075,0.081
Phoenix Mesa Scottsdale AZ Metro Area,0.07,0.041,0.097,0.099,0.142,0.189,0.124,0.134,0.053,0.051
Pine Bluff AR Metro Area,0.141,0.089,0.132,0.126,0.144,0.169,0.091,0.084,0.014,0.011
Pinehurst Southern Pines NC Micro Area,0.057,0.059,0.123,0.093,0.143,0.176,0.13,0.13,0.037,0.052
Pittsburgh PA Metro Area,0.07,0.052,0.109,0.102,0.128,0.18,0.126,0.137,0.047,0.048
Pittsfield MA Metro Area,0.069,0.067,0.114,0.096,0.149,0.179,0.11,0.129,0.043,0.044
Plattsburgh NY Micro Area,0.078,0.051,0.126,0.127,0.166,0.193,0.102,0.12,0.028,0.01
Pocatello ID Metro Area,0.107,0.058,0.128,0.155,0.123,0.181,0.11,0.094,0.03,0.015
Port Angeles WA Micro Area,0.056,0.098,0.139,0.11,0.153,0.201,0.116,0.076,0.024,0.025
Portland South Portland ME Metro Area,0.047,0.048,0.088,0.085,0.126,0.197,0.15,0.151,0.061,0.047
Portland Vancouver Hillsboro OR WA Metro Area,0.054,0.036,0.084,0.09,0.125,0.187,0.137,0.158,0.061,0.067
Port St Lucie FL Metro Area,0.077,0.054,0.128,0.097,0.158,0.194,0.119,0.1,0.035,0.038
Portsmouth OH Micro Area,0.14,0.08,0.147,0.125,0.117,0.145,0.122,0.081,0.025,0.018
Pottsville PA Micro Area,0.068,0.07,0.121,0.12,0.154,0.187,0.114,0.119,0.019,0.027
Prescott AZ Metro Area,0.062,0.055,0.119,0.131,0.148,0.217,0.13,0.09,0.027,0.022
Providence Warwick RI MA Metro Area,0.072,0.061,0.095,0.087,0.116,0.169,0.133,0.15,0.063,0.053
Provo Orem UT Metro Area,0.041,0.037,0.076,0.078,0.132,0.213,0.158,0.158,0.059,0.047
Pueblo CO Metro Area,0.113,0.055,0.134,0.116,0.166,0.154,0.11,0.107,0.025,0.019
Punta Gorda FL Metro Area,0.055,0.062,0.144,0.132,0.16,0.19,0.109,0.098,0.019,0.03
Quincy IL MO Micro Area,0.06,0.059,0.12,0.142,0.152,0.213,0.103,0.09,0.038,0.023
Racine WI Metro Area,0.045,0.041,0.117,0.092,0.126,0.193,0.159,0.147,0.04,0.041
Raleigh NC Metro Area,0.045,0.035,0.077,0.092,0.129,0.184,0.134,0.172,0.065,0.068
Rapid City SD Metro Area,0.051,0.05,0.111,0.105,0.16,0.19,0.156,0.109,0.03,0.039
Reading PA Metro Area,0.064,0.055,0.098,0.09,0.133,0.198,0.142,0.13,0.053,0.038
Redding CA Metro Area,0.079,0.063,0.134,0.098,0.145,0.192,0.106,0.106,0.047,0.03
Reno NV Metro Area,0.053,0.044,0.101,0.095,0.159,0.189,0.132,0.131,0.05,0.047
Richmond IN Micro Area,0.092,0.048,0.125,0.161,0.168,0.166,0.117,0.067,0.023,0.033
Richmond VA Metro Area,0.066,0.04,0.081,0.09,0.138,0.18,0.132,0.147,0.061,0.065
Richmond Berea KY Micro Area,0.107,0.069,0.129,0.099,0.16,0.205,0.096,0.095,0.027,0.014
Riverside San Bernardino Ontario CA Metro Area,0.057,0.052,0.104,0.104,0.129,0.186,0.133,0.138,0.056,0.042
Roanoke VA Metro Area,0.072,0.048,0.099,0.121,0.154,0.202,0.128,0.118,0.033,0.025
Roanoke Rapids NC Micro Area,0.133,0.118,0.156,0.143,0.123,0.118,0.108,0.078,0.011,0.013
Rochester MN Metro Area,0.048,0.045,0.077,0.085,0.118,0.194,0.147,0.163,0.061,0.063
Rochester NY Metro Area,0.071,0.053,0.096,0.099,0.149,0.174,0.131,0.141,0.048,0.039
Rockford IL Metro Area,0.075,0.044,0.107,0.102,0.156,0.19,0.142,0.118,0.042,0.025
Rocky Mount NC Metro Area,0.107,0.089,0.134,0.134,0.146,0.167,0.104,0.068,0.025,0.025
Rome GA Metro Area,0.094,0.073,0.162,0.108,0.161,0.152,0.097,0.099,0.033,0.022
Roseburg OR Micro Area,0.097,0.067,0.115,0.141,0.171,0.189,0.098,0.081,0.023,0.018
Roswell NM Micro Area,0.094,0.077,0.166,0.146,0.099,0.186,0.12,0.087,0.005,0.021
Russellville AR Micro Area,0.08,0.121,0.137,0.141,0.143,0.169,0.103,0.081,0.02,0.004
Sacramento  Roseville  Arden Arcade CA Metro Area,0.059,0.051,0.095,0.085,0.111,0.177,0.127,0.159,0.073,0.062
Saginaw MI Metro Area,0.089,0.066,0.13,0.131,0.146,0.172,0.116,0.093,0.024,0.032
St Cloud MN Metro Area,0.055,0.036,0.11,0.096,0.162,0.212,0.144,0.127,0.032,0.027
St George UT Metro Area,0.036,0.038,0.079,0.131,0.149,0.247,0.151,0.088,0.036,0.045
St Joseph MO KS Metro Area,0.068,0.071,0.102,0.116,0.151,0.219,0.128,0.108,0.014,0.023
St Louis MO IL Metro Area,0.064,0.042,0.097,0.098,0.14,0.184,0.128,0.139,0.055,0.053
Salem OH Micro Area,0.085,0.046,0.153,0.13,0.16,0.188,0.11,0.082,0.028,0.017
Salem OR Metro Area,0.058,0.058,0.104,0.106,0.147,0.184,0.139,0.138,0.038,0.028
Salinas CA Metro Area,0.049,0.037,0.073,0.096,0.149,0.195,0.132,0.147,0.062,0.059
Salisbury MD DE Metro Area,0.055,0.035,0.111,0.097,0.16,0.197,0.136,0.128,0.047,0.033
Salt Lake City UT Metro Area,0.042,0.032,0.075,0.089,0.132,0.201,0.149,0.165,0.061,0.054
San Angelo TX Metro Area,0.072,0.04,0.126,0.141,0.128,0.199,0.113,0.111,0.022,0.047
San Antonio New Braunfels TX Metro Area,0.065,0.042,0.103,0.104,0.138,0.194,0.125,0.137,0.046,0.045
San Diego Carlsbad CA Metro Area,0.049,0.042,0.083,0.078,0.117,0.174,0.135,0.167,0.072,0.082
Sandusky OH Micro Area,0.062,0.039,0.102,0.143,0.185,0.159,0.12,0.119,0.032,0.037
San Francisco Oakland Hayward CA Metro Area,0.046,0.039,0.063,0.06,0.088,0.136,0.116,0.177,0.109,0.166
San Jose Sunnyvale Santa Clara CA Metro Area,0.036,0.029,0.052,0.055,0.078,0.122,0.11,0.178,0.133,0.207
San Luis Obispo Paso Robles Arroyo Grande CA Metro Area,0.055,0.041,0.099,0.076,0.117,0.183,0.135,0.159,0.067,0.068
Santa Cruz Watsonville CA Metro Area,0.065,0.038,0.093,0.087,0.103,0.181,0.114,0.148,0.076,0.095
Santa Fe NM Metro Area,0.065,0.045,0.096,0.11,0.133,0.175,0.112,0.143,0.056,0.064
Santa Maria Santa Barbara CA Metro Area,0.046,0.039,0.085,0.098,0.128,0.161,0.12,0.169,0.067,0.087
Santa Rosa CA Metro Area,0.038,0.039,0.079,0.071,0.127,0.202,0.133,0.161,0.07,0.08
Savannah GA Metro Area,0.075,0.043,0.115,0.113,0.138,0.189,0.124,0.125,0.045,0.032
Scranton  Wilkes Barre  Hazleton PA Metro Area,0.074,0.068,0.114,0.115,0.13,0.198,0.117,0.118,0.037,0.028
Searcy AR Micro Area,0.121,0.078,0.125,0.131,0.122,0.169,0.136,0.074,0.014,0.029
Seattle Tacoma Bellevue WA Metro Area,0.05,0.03,0.062,0.072,0.113,0.171,0.139,0.18,0.085,0.098
Sebastian Vero Beach FL Metro Area,0.059,0.05,0.096,0.11,0.194,0.192,0.111,0.098,0.032,0.057
Sebring FL Metro Area,0.105,0.051,0.182,0.179,0.164,0.16,0.075,0.046,0.027,0.013
Seneca SC Micro Area,0.1,0.054,0.114,0.151,0.145,0.192,0.093,0.067,0.037,0.048
Sevierville TN Micro Area,0.062,0.053,0.114,0.154,0.165,0.231,0.096,0.081,0.025,0.02
Shawnee OK Micro Area,0.088,0.063,0.118,0.134,0.176,0.187,0.096,0.09,0.025,0.022
Sheboygan WI Metro Area,0.043,0.047,0.111,0.095,0.128,0.22,0.147,0.148,0.039,0.022
Shelby NC Micro Area,0.13,0.064,0.125,0.136,0.171,0.17,0.084,0.08,0.026,0.014
Sherman Denison TX Metro Area,0.087,0.049,0.123,0.114,0.14,0.16,0.133,0.115,0.047,0.03
Show Low AZ Micro Area,0.144,0.071,0.15,0.106,0.133,0.192,0.089,0.074,0.028,0.011
Shreveport Bossier City LA Metro Area,0.112,0.066,0.134,0.108,0.133,0.169,0.11,0.102,0.035,0.032
Sierra Vista Douglas AZ Metro Area,0.087,0.068,0.14,0.111,0.139,0.182,0.108,0.1,0.04,0.025
Sioux City IA NE SD Metro Area,0.068,0.056,0.11,0.102,0.132,0.206,0.122,0.14,0.028,0.035
Sioux Falls SD Metro Area,0.055,0.043,0.094,0.098,0.134,0.195,0.146,0.148,0.044,0.041
Somerset PA Micro Area,0.082,0.053,0.138,0.139,0.147,0.182,0.131,0.1,0.011,0.017
South Bend Mishawaka IN MI Metro Area,0.077,0.042,0.127,0.116,0.157,0.199,0.12,0.099,0.032,0.032
Spartanburg SC Metro Area,0.081,0.059,0.146,0.113,0.149,0.192,0.107,0.107,0.023,0.023
Spokane Spokane Valley WA Metro Area,0.085,0.051,0.112,0.123,0.153,0.184,0.124,0.105,0.035,0.028
Springfield IL Metro Area,0.066,0.045,0.099,0.096,0.123,0.194,0.126,0.15,0.054,0.047
Springfield MA Metro Area,0.079,0.063,0.104,0.096,0.127,0.175,0.119,0.137,0.057,0.043
Springfield MO Metro Area,0.067,0.057,0.131,0.131,0.157,0.194,0.124,0.099,0.02,0.02
Springfield OH Metro Area,0.075,0.043,0.137,0.112,0.148,0.19,0.136,0.107,0.029,0.021
State College PA Metro Area,0.089,0.023,0.099,0.102,0.138,0.177,0.122,0.162,0.043,0.044
Statesboro GA Micro Area,0.151,0.092,0.129,0.148,0.113,0.125,0.095,0.096,0.027,0.025
Staunton Waynesboro VA Metro Area,0.066,0.049,0.115,0.117,0.155,0.225,0.123,0.114,0.013,0.025
Stevens Point WI Micro Area,0.062,0.051,0.107,0.108,0.102,0.22,0.13,0.153,0.039,0.027
Stillwater OK Micro Area,0.151,0.063,0.142,0.091,0.157,0.181,0.075,0.081,0.026,0.032
Stockton Lodi CA Metro Area,0.053,0.059,0.113,0.109,0.131,0.179,0.124,0.14,0.054,0.037
Sumter SC Metro Area,0.081,0.081,0.098,0.144,0.18,0.199,0.126,0.065,0.014,0.012
Sunbury PA Micro Area,0.069,0.068,0.137,0.121,0.161,0.204,0.109,0.09,0.024,0.017
Syracuse NY Metro Area,0.073,0.046,0.094,0.095,0.135,0.19,0.135,0.141,0.054,0.036
Talladega Sylacauga AL Micro Area,0.109,0.091,0.166,0.147,0.136,0.155,0.092,0.069,0.026,0.01
Tallahassee FL Metro Area,0.108,0.054,0.115,0.116,0.164,0.175,0.099,0.107,0.03,0.031
Tampa St Petersburg Clearwater FL Metro Area,0.074,0.053,0.121,0.113,0.146,0.18,0.116,0.112,0.041,0.042
